# FoldX/3dha_A.pdb
# Protein CA rmsd=  0.000
#  N |   RMSD    Ave    Med   f<0.5  f<1.0  f<1.5
  68 | 12.039  7.402  3.543  0.0882 0.2206 0.4265   0.961
 136 |  2.920  2.010  1.217  0.1324 0.3529 0.6618   0.965
 204 |  1.857  1.392  1.074  0.1765 0.4265 0.7500   0.944
 272 |  1.857  1.392  1.074  0.1765 0.4265 0.7500   0.944
 340 |  1.857  1.392  1.074  0.1765 0.4265 0.7500   0.944
 408 |  1.857  1.392  1.074  0.1765 0.4265 0.7500   0.944
 476 |  1.857  1.392  1.074  0.1765 0.4265 0.7500   0.944
 544 |  1.857  1.392  1.074  0.1765 0.4265 0.7500   0.944
 612 |  1.857  1.392  1.074  0.1765 0.4265 0.7500   0.944
 680 |  1.857  1.392  1.074  0.1765 0.4265 0.7500   0.944
 748 |  1.857  1.392  1.074  0.1765 0.4265 0.7500   0.944
 816 |  1.857  1.392  1.074  0.1765 0.4265 0.7500   0.944
 884 |  1.857  1.392  1.074  0.1765 0.4265 0.7500   0.944
 952 |  1.857  1.392  1.074  0.1765 0.4265 0.7500   0.944
1020 |  1.857  1.392  1.074  0.1765 0.4265 0.7500   0.944
1088 |  1.857  1.392  1.074  0.1765 0.4265 0.7500   0.944
1156 |  1.857  1.392  1.074  0.1765 0.4265 0.7500   0.944
1224 |  1.857  1.392  1.074  0.1765 0.4265 0.7500   0.944
1292 |  1.857  1.392  1.074  0.1765 0.4265 0.7500   0.944
1360 |  1.857  1.392  1.074  0.1765 0.4265 0.7500   0.944
1428 |  1.857  1.392  1.074  0.1765 0.4265 0.7500   0.944
1496 |  1.857  1.392  1.074  0.1765 0.4265 0.7500   0.944
1564 |  1.857  1.392  1.074  0.1765 0.4265 0.7500   0.944
1632 |  1.857  1.392  1.074  0.1765 0.4265 0.7500   0.944
1700 |  1.857  1.392  1.074  0.1765 0.4265 0.7500   0.944
1768 |  1.857  1.392  1.074  0.1765 0.4265 0.7500   0.944
1836 |  1.857  1.392  1.074  0.1765 0.4265 0.7500   0.944
1904 |  1.857  1.392  1.074  0.1765 0.4265 0.7500   0.944
1972 |  1.857  1.392  1.074  0.1765 0.4265 0.7500   0.944
2040 |  1.857  1.392  1.074  0.1765 0.4265 0.7500   0.944
2108 |  1.857  1.392  1.074  0.1765 0.4265 0.7500   0.944
2176 |  1.857  1.392  1.074  0.1765 0.4265 0.7500   0.944
2244 |  1.857  1.392  1.074  0.1765 0.4265 0.7500   0.944
2312 |  1.857  1.392  1.074  0.1765 0.4265 0.7500   0.944
2380 |  1.857  1.392  1.074  0.1765 0.4265 0.7500   0.944
2448 |  1.857  1.392  1.074  0.1765 0.4265 0.7500   0.944
2516 |  1.857  1.392  1.074  0.1765 0.4265 0.7500   0.944
2584 |  1.857  1.392  1.074  0.1765 0.4265 0.7500   0.944
2652 |  1.857  1.392  1.074  0.1765 0.4265 0.7500   0.944
2720 |  1.857  1.392  1.074  0.1765 0.4265 0.7500   0.944
2788 |  1.857  1.392  1.074  0.1765 0.4265 0.7500   0.944
2856 |  1.857  1.392  1.074  0.1765 0.4265 0.7500   0.944
2924 |  1.857  1.392  1.074  0.1765 0.4265 0.7500   0.944
2992 |  1.857  1.392  1.074  0.1765 0.4265 0.7500   0.944
3060 |  1.857  1.392  1.074  0.1765 0.4265 0.7500   0.944
3128 |  1.857  1.392  1.074  0.1765 0.4265 0.7500   0.944
3196 |  1.857  1.392  1.074  0.1765 0.4265 0.7500   0.944
3264 |  1.857  1.392  1.074  0.1765 0.4265 0.7500   0.944
3332 |  1.857  1.392  1.074  0.1765 0.4265 0.7500   0.944
 159 |  1.857  1.392  1.074  0.1765 0.4265 0.7500   0.944
#
